##NewSim - [13:52:21 - 26/02/2018]:  100k 512nodes 32 tests exponential
2 0.000598497 5 99162 338   
3 0.000700519 0 99173 327   
4 0.000700519 0 99173 327   
6 0.000700519 0 99173 327   
7 0.000700519 0 99173 327   
8 0.000700519 0 99173 327   
9 0.000700519 0 99173 327   
10 0.000700519 0 99173 327   
2 0.000974338 16 98913 587   
3 0.00160548 6 98761 739   
4 0.00153469 2 98817 683   
6 0.00163269 0 98817 683   
7 0.00163269 0 98817 683   
8 0.00163269 0 98817 683   
9 0.00163269 0 98817 683   
10 0.00163269 0 98817 683   
2 0.00175228 38 98111 1389   
3 0.00225444 27 97966 1534   
4 0.0023537 17 98100 1400   
6 0.00298496 13 97907 1593   
7 0.00320981 10 97907 1593   
8 0.00320981 10 97907 1593   
9 0.00314341 8 97966 1534   
10 0.00324102 7 97966 1534   
2 0.00374478 79 96240 3260   
3 0.00447526 48 96222 3278   
4 0.00480037 38 96222 3278   
6 0.00509077 23 96429 3071   
7 0.00528148 20 96429 3071   
8 0.00544142 18 96429 3071   
9 0.00556165 17 96429 3071   
10 0.00575474 15 96429 3071   
##NewSim - [17:03:53 - 26/02/2018]:  100k 512nodes 32 tests normal
3 0.000663748 1 99390 110   
4 0.000695156 0 99390 110   
6 0.000695156 0 99390 110   
7 0.000695156 0 99390 110   
8 0.000695156 0 99390 110   
9 0.000695156 0 99390 110   
10 0.000695156 0 99390 110   
2 0.00123894 46 99238 262   
3 0.00154167 20 99258 242   
4 0.00210073 14 99243 257   
6 0.00294121 5 99224 276   
7 0.00277547 5 99236 264   
8 0.00287377 3 99242 258   
9 0.00288525 3 99242 258   
10 0.00378927 1 99216 284   
2 0.00146549 112 99087 413   
3 0.00226063 81 99102 398   
4 0.00306251 86 99057 443   
6 0.00505622 47 99054 446   
7 0.00564773 33 99057 443   
8 0.00609579 28 99057 443   
9 0.00616657 28 99057 443   
10 0.00666535 24 99090 410   
2 0.00256668 111 98659 841   
3 0.00313961 89 98659 841   
4 0.00367294 74 98659 841   
6 0.00414649 65 98659 841   
7 0.0054815 60 98627 873   
8 0.00564643 58 98627 873   
9 0.00580804 56 98627 873   
10 0.00580804 56 98627 873   
2 0.684488 8228 4384 95116   
##NewSim - [19:46:05 - 26/02/2018]:  100k 512nodes 32 tests allAtOnce
2 0.0219095 98061 349 99151   
3 0.0240201 97991 349 99151   
3 0.0240201 97991 349 99151   
4 0.0375276 97655 349 99151   
4 0.0375276 97655 349 99151   
6 0.0446131 97514 349 99151   
##NewSim - [11:24:25 - 27/02/2018]:  100k 512nodes allatOnce two last tests
9 0.125528 96365 349 99151 
