1 2278   
2 2277   
3 2320   
4 2328   
5 2301   
6 2321   
7 2299   
8 2293   
9 2305   
10 2285   
11 2328   
12 2308   
13 2314   
14 2277   
15 2277   
16 2282   
17 2312   
18 2284   
19 2274   
20 2290   
21 2279   
22 2306   
23 2295   
24 2324   
25 2325   
26 2297   
27 2282   
28 2288   
29 2290   
30 2278   
31 2280   
32 2297   
33 2292   
34 2272   
35 2305   
36 2273   
37 2323   
38 2276   
39 2304   
40 2307   
41 2298   
42 2304   
43 2287   
44 2284   
45 2319   
46 2294   
47 2304   
48 2303   
49 2307   
50 2308   
51 2272   
52 2324   
53 2285   
54 2297   
55 2319   
56 2290   
57 2274   
58 2281   
59 2315   
60 2293   
61 2289   
62 2275   
63 2328   
64 2319   
65 2277   
66 2305   
67 2272   
68 2280   
69 2318   
70 2305   
71 2325   
72 2296   
73 2281   
74 2283   
75 2318   
76 2271   
77 2315   
78 2293   
79 2312   
80 2302   
81 2273   
82 2322   
83 2297   
84 2296   
85 2298   
86 2288   
87 2323   
88 2302   
89 2299   
90 2310   
91 2325   
92 2326   
93 2315   
94 2275   
95 2324   
96 2272   
97 2317   
98 2326   
99 2290   
100 2307   
101 2311   
102 2286   
103 2283   
104 2321   
105 2299   
106 2273   
107 2272   
108 2294   
109 2304   
110 2322   
111 2325   
112 2306   
113 2315   
114 2294   
115 2282   
116 2293   
117 2320   
118 2285   
119 2325   
120 2299   
121 2325   
122 2271   
123 2305   
124 2320   
125 2276   
126 2301   
127 2272   
128 2323   
129 2306   
130 2291   
131 2310   
132 2289   
133 2307   
134 2323   
135 2290   
136 2286   
137 2275   
138 2300   
139 2310   
140 2309   
141 2293   
142 2307   
143 2295   
144 2288   
145 2281   
146 2314   
147 2311   
148 2273   
149 2271   
150 2316   
151 2302   
152 2275   
153 2325   
154 2286   
155 2325   
156 2280   
157 2317   
158 2276   
159 2275   
160 2303   
161 2297   
162 2322   
163 2321   
164 2284   
165 2325   
166 2291   
167 2300   
168 2280   
169 2320   
170 2290   
171 2318   
172 2293   
173 2326   
174 2293   
175 2311   
176 2287   
177 2279   
178 2302   
179 2289   
180 2279   
181 2290   
182 2271   
183 2292   
184 2286   
185 2287   
186 2297   
187 2296   
188 2283   
189 2303   
190 2309   
191 2316   
192 2272   
193 2311   
194 2317   
195 2294   
196 2307   
197 2279   
198 2324   
199 2317   
200 2271   
201 2293   
202 2315   
203 2302   
204 2299   
205 2287   
206 2285   
207 2316   
208 2296   
209 2317   
210 2285   
211 2313   
212 2287   
213 2285   
214 2277   
215 2303   
216 2310   
217 2303   
218 2279   
219 2323   
220 2278   
221 2325   
222 2318   
223 2287   
224 2308   
225 2307   
226 2311   
227 2295   
228 2316   
229 2314   
230 2291   
231 2325   
232 2279   
233 2286   
234 2299   
235 2308   
236 2303   
237 2322   
238 2304   
239 2328   
240 2311   
241 2318   
242 2321   
243 2277   
244 2275   
245 2327   
246 2310   
247 2323   
248 2310   
249 2326   
250 2317   
251 2318   
252 2323   
253 2307   
254 2285   
255 2311   
256 2294   
257 2275   
258 2277   
259 2289   
260 2327   
261 2306   
262 2294   
263 2286   
264 2322   
265 2322   
266 2274   
267 2296   
268 2324   
269 2308   
270 2304   
271 2314   
272 2298   
273 2297   
274 2321   
275 2311   
276 2304   
277 2311   
278 2305   
279 2286   
280 2309   
281 2302   
282 2283   
283 2312   
284 2281   
285 2306   
286 2302   
287 2313   
288 2319   
289 2317   
290 2274   
291 2318   
292 2295   
293 2297   
294 2284   
295 2297   
296 2299   
297 2288   
298 2273   
299 2295   
300 2325   
301 2307   
302 2281   
303 2303   
304 2283   
305 2274   
306 2285   
307 2325   
308 2314   
309 2320   
310 2282   
311 2303   
312 2294   
313 2303   
314 2294   
315 2313   
316 2281   
317 2326   
318 2298   
319 2271   
320 2315   
321 2309   
322 2327   
323 2290   
324 2278   
325 2282   
326 2317   
327 2307   
328 2300   
329 2319   
330 2282   
331 2305   
332 2306   
333 2292   
334 2279   
335 2327   
336 2304   
337 2302   
338 2323   
339 2298   
340 2302   
341 2285   
342 2272   
343 2276   
344 2318   
345 2304   
346 2319   
347 2279   
348 2302   
349 2297   
350 2288   
351 2297   
352 2278   
353 2294   
354 2317   
355 2294   
356 2306   
357 2306   
358 2281   
359 2286   
360 2305   
361 2292   
362 2328   
363 2290   
364 2322   
365 2287   
366 2289   
367 2298   
368 2319   
369 2292   
370 2325   
371 2293   
372 2307   
373 2277   
374 2299   
375 2305   
376 2311   
377 2298   
378 2321   
379 2293   
380 2275   
381 2281   
382 2320   
383 2290   
384 2305   
385 2309   
386 2314   
387 2291   
388 2295   
389 2274   
390 2314   
391 2271   
392 2296   
393 2314   
394 2299   
395 2290   
396 2273   
397 2326   
398 2326   
399 2322   
400 2289   
401 2323   
402 2295   
403 2276   
404 2280   
405 2274   
406 2310   
407 2321   
408 2310   
409 2311   
410 2286   
411 2315   
412 2322   
413 2286   
414 2277   
415 2306   
416 2325   
417 2328   
418 2327   
419 2291   
420 2274   
421 2321   
422 2300   
423 2308   
424 2307   
425 2271   
426 2328   
427 2310   
428 2327   
429 2326   
430 2312   
431 2296   
432 2328   
433 2287   
434 2301   
435 2288   
436 2291   
437 2291   
438 2280   
439 2273   
440 2274   
441 2304   
442 2325   
443 2326   
444 2319   
445 2282   
446 2312   
447 2324   
448 2282   
449 2318   
450 2287   
451 2294   
452 2311   
453 2325   
454 2274   
455 2289   
456 2326   
457 2282   
458 2279   
459 2274   
460 2287   
461 2328   
462 2300   
463 2295   
464 2287   
465 2281   
466 2313   
467 2307   
468 2302   
469 2273   
470 2318   
471 2306   
472 2306   
473 2315   
474 2311   
475 2305   
476 2326   
477 2303   
478 2301   
479 2288   
480 2293   
481 2325   
482 2319   
483 2283   
484 2322   
485 2323   
486 2310   
487 2327   
488 2284   
489 2319   
490 2281   
491 2301   
492 2319   
493 2319   
494 2326   
495 2285   
496 2271   
497 2311   
498 2322   
499 2311   
500 2313   
