1 2282   
2 2274   
3 2298   
4 2325   
5 2296   
6 2285   
7 2280   
8 2299   
9 2310   
10 2308   
11 2287   
12 2277   
13 2318   
14 2277   
15 2309   
16 2287   
17 2323   
18 2306   
19 2305   
20 2295   
21 2320   
22 2285   
23 2276   
24 2291   
25 2288   
26 2313   
27 2305   
28 2285   
29 2327   
30 2273   
31 2302   
32 2289   
33 2285   
34 2280   
35 2286   
36 2311   
37 2294   
38 2303   
39 2290   
40 2284   
41 2291   
42 2307   
43 2298   
44 2280   
45 2314   
46 2279   
47 2297   
48 2309   
49 2314   
50 2282   
51 2275   
52 2314   
53 2297   
54 2289   
55 2285   
56 2315   
57 2282   
58 2320   
59 2279   
60 2281   
61 2273   
62 2311   
63 2308   
64 2456   
65 2502   
66 2551   
67 2532   
68 2509   
69 2519   
70 2541   
71 2585   
72 2613   
73 2588   
74 2574   
75 2574   
76 2576   
77 2560   
78 2605   
79 2621   
80 2630   
81 2582   
82 2556   
83 2533   
84 2540   
85 2519   
86 2531   
87 2543   
88 2563   
89 2572   
90 2556   
91 2523   
92 2546   
93 2507   
94 2544   
95 2518   
96 2525   
97 2553   
98 2558   
99 2600   
100 2588   
101 2616   
102 2636   
103 2643   
104 2646   
105 2652   
106 2667   
107 2672   
108 2663   
109 2664   
110 2693   
111 2701   
112 2712   
113 2716   
114 2759   
115 2786   
116 2769   
117 2766   
118 2797   
119 2800   
120 2756   
121 2771   
122 2749   
123 2779   
124 2812   
125 2827   
126 2831   
127 2973   
128 2971   
129 2977   
130 2968   
131 2952   
132 2937   
133 2944   
134 2950   
135 2957   
136 2966   
137 2937   
138 2931   
139 2973   
140 2929   
141 2979   
142 2974   
143 2961   
144 2955   
145 2949   
146 2950   
147 2949   
148 2903   
149 2915   
150 2951   
151 2934   
152 2970   
153 2947   
154 2963   
155 2996   
156 2976   
157 3018   
158 2995   
159 3023   
160 3063   
161 3081   
162 3093   
163 3068   
164 3094   
165 3112   
166 3143   
167 3170   
168 3151   
169 3126   
170 3138   
171 3142   
172 3108   
173 3114   
174 3105   
175 3073   
176 3074   
177 3116   
178 3141   
179 3154   
180 3158   
181 3161   
182 3149   
183 3138   
184 3167   
185 3170   
186 3193   
187 3210   
188 3247   
189 3247   
190 3394   
191 3427   
192 3434   
193 3459   
194 3406   
195 3391   
196 3422   
197 3415   
198 3437   
199 3453   
200 3430   
201 3454   
202 3467   
203 3452   
204 3501   
205 3500   
206 3522   
207 3520   
208 3525   
209 3501   
210 3525   
211 3489   
212 3515   
213 3511   
214 3546   
215 3552   
216 3514   
217 3508   
218 3495   
219 3491   
220 3500   
221 3487   
222 3515   
223 3530   
224 3541   
225 3574   
226 3574   
227 3567   
228 3536   
229 3558   
230 3566   
231 3562   
232 3549   
233 3563   
234 3610   
235 3596   
236 3616   
237 3627   
238 3618   
239 3586   
240 3631   
241 3655   
242 3645   
243 3658   
244 3670   
245 3694   
246 3662   
247 3693   
248 3653   
249 3659   
250 3686   
251 3713   
252 3713   
253 3870   
254 3860   
255 3868   
256 3866   
257 3861   
258 3864   
259 3877   
260 3901   
261 3873   
262 3885   
263 3855   
264 3880   
265 3924   
266 3913   
267 3927   
268 3919   
269 3911   
270 3899   
271 3901   
272 3904   
273 3896   
274 3866   
275 3870   
276 3920   
277 3940   
278 3926   
279 3899   
280 3869   
281 3895   
282 3891   
283 3934   
284 3920   
285 3956   
286 3949   
287 3982   
288 4021   
289 4017   
290 4006   
291 4011   
292 4036   
293 4037   
294 4062   
295 4054   
296 4034   
297 4049   
298 4063   
299 4101   
300 4116   
301 4118   
302 4109   
303 4119   
304 4172   
305 4182   
306 4203   
307 4189   
308 4219   
309 4226   
310 4243   
311 4243   
312 4277   
313 4290   
314 4333   
315 4294   
316 4452   
317 4494   
318 4535   
319 4532   
320 4517   
321 4499   
322 4489   
323 4506   
324 4507   
325 4525   
326 4493   
327 4522   
328 4540   
329 4506   
330 4541   
331 4510   
332 4548   
333 4514   
334 4516   
335 4486   
336 4476   
337 4454   
338 4457   
339 4460   
340 4468   
341 4496   
342 4462   
343 4441   
344 4438   
345 4435   
346 4456   
347 4472   
348 4511   
349 4515   
350 4527   
351 4559   
352 4552   
353 4563   
354 4555   
355 4541   
356 4562   
357 4580   
358 4595   
359 4568   
360 4611   
361 4603   
362 4611   
363 4642   
364 4657   
365 4618   
366 4610   
367 4624   
368 4620   
369 4615   
370 4632   
371 4628   
372 4601   
373 4633   
374 4616   
375 4644   
376 4681   
377 4734   
378 4720   
379 4898   
380 4911   
381 4956   
382 4973   
383 4919   
384 4918   
385 4923   
386 4920   
387 4901   
388 4919   
389 4889   
390 4883   
391 4879   
392 4875   
393 4904   
394 4867   
395 4898   
396 4885   
397 4855   
398 4836   
399 4841   
400 4827   
401 4864   
402 4899   
403 4931   
404 4951   
405 4932   
406 4937   
407 4950   
408 4923   
409 4929   
410 4922   
411 4957   
412 4949   
413 4959   
414 4998   
415 4997   
416 5013   
417 4991   
418 5021   
419 5055   
420 5053   
421 5026   
422 5048   
423 5051   
424 5053   
425 5096   
426 5071   
427 5068   
428 5032   
429 5046   
430 5057   
431 5065   
432 5058   
433 5046   
434 5086   
435 5098   
436 5116   
437 5103   
438 5129   
439 5128   
440 5178   
441 5139   
442 5275   
443 5265   
444 5291   
445 5273   
446 5268   
447 5253   
448 5267   
449 5299   
450 5271   
451 5279   
452 5243   
453 5277   
454 5281   
455 5288   
456 5334   
457 5316   
458 5340   
459 5298   
460 5309   
461 5330   
462 5309   
463 5267   
464 5257   
465 5252   
466 5246   
467 5263   
468 5257   
469 5272   
470 5309   
471 5292   
472 5290   
473 5316   
474 5339   
475 5355   
476 5363   
477 5389   
478 5390   
479 5413   
480 5406   
481 5436   
482 5467   
483 5481   
484 5495   
485 5522   
486 5544   
487 5545   
488 5562   
489 5550   
490 5517   
491 5487   
492 5488   
493 5493   
494 5479   
495 5469   
496 5468   
497 5498   
498 5455   
499 5448   
500 5443   
501 5488   
502 5522   
503 5565   
504 5527   
505 5694   
506 5700   
507 5725   
508 5718   
509 5673   
510 5664   
511 5704   
512 5704   
513 5679   
514 5671   
515 5635   
516 5627   
517 5626   
518 5633   
519 5660   
520 5649   
521 5635   
522 5630   
523 5635   
524 5620   
525 5623   
526 5581   
527 5604   
528 5613   
529 5609   
530 5642   
531 5601   
532 5587   
533 5618   
534 5616   
535 5645   
536 5638   
537 5642   
538 5629   
539 5673   
540 5690   
541 5668   
542 5695   
543 5704   
544 5715   
545 5733   
546 5764   
547 5766   
548 5784   
549 5823   
550 5802   
551 5809   
552 5834   
553 5816   
554 5828   
555 5838   
556 5882   
557 5852   
558 5835   
559 5822   
560 5838   
561 5796   
562 5800   
563 5751   
564 5791   
565 5793   
566 5823   
567 5806   
568 5972   
569 5995   
570 6011   
571 6001   
572 5950   
573 5936   
574 5923   
575 5947   
576 5970   
577 5934   
578 5919   
579 5942   
580 5988   
581 5986   
582 6034   
583 6050   
584 6042   
585 6042   
586 6024   
587 6047   
588 6039   
589 6017   
590 6016   
591 6065   
592 6082   
593 6094   
594 6107   
595 6101   
596 6136   
597 6110   
598 6159   
599 6155   
600 6151   
601 6158   
602 6194   
603 6197   
604 6190   
605 6222   
606 6242   
607 6250   
608 6238   
609 6235   
610 6215   
611 6192   
612 6196   
613 6166   
614 6158   
615 6154   
616 6132   
617 6107   
618 6126   
619 6155   
620 6166   
621 6184   
622 6196   
623 6216   
624 6187   
625 6204   
626 6167   
627 6174   
628 6172   
629 6184   
630 6187   
631 6341   
632 6366   
633 6401   
634 6416   
635 6381   
636 6400   
637 6430   
638 6476   
639 6501   
640 6474   
641 6451   
642 6435   
643 6454   
644 6435   
645 6438   
646 6448   
647 6477   
648 6461   
649 6446   
650 6440   
651 6448   
652 6414   
653 6401   
654 6413   
655 6424   
656 6444   
657 6440   
658 6453   
659 6493   
660 6490   
661 6528   
662 6517   
663 6538   
664 6553   
665 6557   
666 6543   
667 6519   
668 6504   
669 6529   
670 6530   
671 6537   
672 6538   
673 6530   
674 6549   
675 6590   
676 6585   
677 6622   
678 6641   
679 6627   
680 6600   
681 6605   
682 6608   
683 6596   
684 6596   
685 6611   
686 6610   
687 6580   
688 6582   
689 6543   
690 6546   
691 6553   
692 6602   
693 6602   
694 6790   
695 6810   
696 6810   
697 6784   
698 6786   
699 6773   
700 6767   
701 6776   
702 6781   
703 6772   
704 6790   
705 6804   
706 6829   
707 6818   
708 6829   
709 6810   
710 6805   
711 6787   
712 6796   
713 6781   
714 6765   
715 6736   
716 6774   
717 6798   
718 6813   
719 6804   
720 6802   
721 6822   
722 6834   
723 6812   
724 6847   
725 6849   
726 6839   
727 6874   
728 6900   
729 6892   
730 6855   
731 6884   
732 6886   
733 6912   
734 6924   
735 6936   
736 6917   
737 6946   
738 6955   
739 6955   
740 6973   
741 6977   
742 6967   
743 6936   
744 6982   
745 7014   
746 7004   
747 7030   
748 7020   
749 7025   
750 6992   
751 7038   
752 7005   
753 7043   
754 7067   
755 7068   
756 7050   
757 7232   
758 7224   
759 7228   
760 7210   
761 7163   
762 7140   
763 7177   
764 7170   
765 7169   
766 7156   
767 7139   
768 7157   
769 7204   
770 7171   
771 7176   
772 7171   
773 7198   
774 7178   
775 7176   
776 7172   
777 7164   
778 7151   
779 7184   
780 7214   
781 7250   
782 7280   
783 7240   
784 7259   
785 7269   
786 7227   
787 7242   
788 7237   
789 7236   
790 7255   
791 7289   
792 7299   
793 7295   
794 7309   
795 7313   
796 7308   
797 7309   
798 7296   
799 7317   
800 7307   
801 7320   
802 7287   
803 7330   
804 7311   
805 7316   
806 7308   
807 7335   
808 7332   
809 7311   
810 7320   
811 7339   
812 7346   
813 7327   
814 7364   
815 7340   
816 7389   
817 7383   
818 7432   
819 7418   
820 7571   
821 7587   
822 7604   
823 7625   
824 7584   
825 7567   
826 7579   
827 7598   
828 7592   
829 7595   
830 7585   
831 7609   
832 7609   
833 7600   
834 7636   
835 7612   
836 7628   
837 7604   
838 7572   
839 7572   
840 7599   
841 7589   
842 7597   
843 7615   
844 7609   
845 7604   
846 7611   
847 7591   
848 7594   
849 7588   
850 7635   
851 7644   
852 7646   
853 7643   
854 7673   
855 7692   
856 7672   
857 7665   
858 7645   
859 7677   
860 7664   
861 7684   
862 7690   
863 7670   
864 7690   
865 7682   
866 7704   
867 7682   
868 7650   
869 7649   
870 7676   
871 7680   
872 7668   
873 7653   
874 7667   
875 7699   
876 7679   
877 7699   
878 7661   
879 7695   
880 7709   
881 7710   
882 7703   
883 7887   
884 7899   
885 7910   
886 7912   
887 7901   
888 7907   
889 7935   
890 7971   
891 7983   
892 7977   
893 7969   
894 8001   
895 8008   
896 7968   
897 7991   
898 7971   
899 7968   
900 7937   
901 7909   
902 7897   
903 7926   
904 7895   
905 7885   
906 7930   
907 7961   
908 7988   
909 7950   
910 7959   
911 7956   
912 7908   
913 7925   
914 7909   
915 7922   
916 7942   
917 7978   
918 7988   
919 7963   
920 7978   
921 7959   
922 7946   
923 7955   
924 7986   
925 7954   
926 7963   
927 7954   
928 7945   
929 7941   
930 7937   
931 7905   
932 7882   
933 7924   
934 7922   
935 7926   
936 7908   
937 7893   
938 7919   
939 7928   
940 7925   
941 7902   
942 7909   
943 7923   
944 7975   
945 7965   
946 8102   
947 8129   
948 8152   
949 8165   
950 8165   
951 8154   
952 8144   
953 8146   
954 8155   
955 8171   
956 8150   
957 8157   
958 8157   
959 8110   
960 8132   
961 8131   
962 8122   
963 8127   
964 8125   
965 8108   
966 8130   
967 8130   
968 8137   
969 8169   
970 8202   
971 8222   
972 8194   
973 8170   
974 8168   
975 8123   
976 8170   
977 8158   
978 8190   
979 8194   
980 8195   
981 8235   
982 8228   
983 8220   
984 8196   
985 8197   
986 8205   
987 8210   
988 8218   
989 8219   
990 8236   
991 8216   
992 8216   
993 8223   
994 8208   
995 8214   
996 8254   
997 8270   
998 8268   
999 8265   
1000 8247   
