1 2329   
2 2329   
3 2329   
4 2329   
5 2329   
6 2329   
7 2329   
8 2329   
9 2329   
10 2329   
11 2329   
12 2329   
13 2329   
14 2329   
15 2329   
16 2329   
17 2329   
18 2329   
19 2329   
20 2329   
21 2329   
22 2329   
23 2329   
24 2329   
25 2329   
26 2329   
27 2329   
28 2329   
29 2329   
30 2329   
31 2329   
32 2329   
33 2329   
34 2329   
35 2329   
36 2329   
37 2329   
38 2329   
39 2329   
40 2329   
41 2329   
42 2329   
43 2329   
44 2329   
45 2329   
46 2329   
47 2329   
48 2329   
49 2329   
50 2329   
51 2329   
52 2329   
53 2329   
54 2329   
55 2329   
56 2329   
57 2329   
58 2329   
59 2329   
60 2329   
61 2329   
62 2329   
63 2329   
64 2329   
65 2329   
66 2329   
67 2329   
68 2329   
69 2329   
70 2329   
71 2329   
72 2329   
73 2329   
74 2329   
75 2329   
76 2329   
77 2329   
78 2329   
79 2329   
80 2329   
81 2329   
82 2329   
83 2329   
84 2329   
85 2329   
86 2329   
87 2329   
88 2329   
89 2329   
90 2329   
91 2329   
92 2329   
93 2329   
94 2329   
95 2329   
96 2329   
97 2329   
98 2329   
99 2329   
100 2329   
101 2329   
102 2329   
103 2329   
104 2329   
105 2329   
106 2329   
107 2329   
108 2329   
109 2329   
110 2329   
111 2329   
112 2329   
113 2329   
114 2329   
115 2329   
116 2329   
117 2329   
118 2329   
119 2329   
120 2329   
121 2329   
122 2329   
123 2329   
124 2329   
125 2329   
126 2329   
127 2329   
128 4532   
129 4532   
130 4532   
131 4532   
132 4532   
133 4532   
134 4532   
135 4532   
136 4532   
137 4532   
138 4532   
139 4532   
140 4532   
141 4532   
142 4532   
143 4532   
144 4532   
145 4532   
146 4532   
147 4532   
148 4532   
149 4532   
150 4532   
151 4532   
152 4532   
153 4532   
154 4532   
155 4532   
156 4532   
157 4532   
158 4532   
159 4532   
160 4532   
161 4532   
162 4532   
163 4532   
164 4532   
165 4532   
166 4532   
167 4532   
168 4532   
169 4532   
170 4532   
171 4532   
172 4532   
173 4532   
174 4532   
175 4532   
176 4532   
177 4532   
178 4532   
179 4532   
180 4532   
181 4532   
182 4532   
183 4532   
184 4532   
185 4532   
186 4532   
187 4532   
188 4532   
189 4532   
190 4532   
191 4532   
192 4532   
193 4532   
194 4532   
195 4532   
196 4532   
197 4532   
198 4532   
199 4532   
200 4532   
201 4532   
202 4532   
203 4532   
204 4532   
205 4532   
206 4532   
207 4532   
208 4532   
209 4532   
210 4532   
211 4532   
212 4532   
213 4532   
214 4532   
215 4532   
216 4532   
217 4532   
218 4532   
219 4532   
220 4532   
221 4532   
222 4532   
223 4532   
224 4532   
225 4532   
226 4532   
227 4532   
228 4532   
229 4532   
230 4532   
231 4532   
232 4532   
233 4532   
234 4532   
235 4532   
236 4532   
237 4532   
238 4532   
239 4532   
240 4532   
241 4532   
242 4532   
243 4532   
244 4532   
245 4532   
246 4532   
247 4532   
248 4532   
249 4532   
250 4532   
251 4532   
252 4532   
253 4532   
254 4532   
255 6735   
256 6735   
257 6735   
258 6735   
259 6735   
260 6735   
261 6735   
262 6735   
263 6735   
264 6735   
265 6735   
266 6735   
267 6735   
268 6735   
269 6735   
270 6735   
271 6735   
272 6735   
273 6735   
274 6735   
275 6735   
276 6735   
277 6735   
278 6735   
279 6735   
280 6735   
281 6735   
282 6735   
283 6735   
284 6735   
285 6735   
286 6735   
287 6735   
288 6735   
289 6735   
290 6735   
291 6735   
292 6735   
293 6735   
294 6735   
295 6735   
296 6735   
297 6735   
298 6735   
299 6735   
300 6735   
301 6735   
302 6735   
303 6735   
304 6735   
305 6735   
306 6735   
307 6735   
308 6735   
309 6735   
310 6735   
311 6735   
312 6735   
313 6735   
314 6735   
315 6735   
316 6735   
317 6735   
318 6735   
319 6735   
320 6735   
321 6735   
322 6735   
323 6735   
324 6735   
325 6735   
326 6735   
327 6735   
328 6735   
329 6735   
330 6735   
331 6735   
332 6735   
333 6735   
334 6735   
335 6735   
336 6735   
337 6735   
338 6735   
339 6735   
340 6735   
341 6735   
342 6735   
343 6735   
344 6735   
345 6735   
346 6735   
347 6735   
348 6735   
349 6735   
350 6735   
351 6735   
352 6735   
353 6735   
354 6735   
355 6735   
356 6735   
357 6735   
358 6735   
359 6735   
360 6735   
361 6735   
362 6735   
363 6735   
364 6735   
365 6735   
366 6735   
367 6735   
368 6735   
369 6735   
370 6735   
371 6735   
372 6735   
373 6735   
374 6735   
375 6735   
376 6735   
377 6735   
378 6735   
379 6735   
380 6735   
381 6735   
382 8938   
383 8938   
384 8938   
385 8938   
386 8938   
387 8938   
388 8938   
389 8938   
390 8938   
391 8938   
392 8938   
393 8938   
394 8938   
395 8938   
396 8938   
397 8938   
398 8938   
399 8938   
400 8938   
401 8938   
402 8938   
403 8938   
404 8938   
405 8938   
406 8938   
407 8938   
408 8938   
409 8938   
410 8938   
411 8938   
412 8938   
413 8938   
414 8938   
415 8938   
416 8938   
417 8938   
418 8938   
419 8938   
420 8938   
421 8938   
422 8938   
423 8938   
424 8938   
425 8938   
426 8938   
427 8938   
428 8938   
429 8938   
430 8938   
431 8938   
432 8938   
433 8938   
434 8938   
435 8938   
436 8938   
437 8938   
438 8938   
439 8938   
440 8938   
441 8938   
442 8938   
443 8938   
444 8938   
445 8938   
446 8938   
447 8938   
448 8938   
449 8938   
450 8938   
451 8938   
452 8938   
453 8938   
454 8938   
455 8938   
456 8938   
457 8938   
458 8938   
459 8938   
460 8938   
461 8938   
462 8938   
463 8938   
464 8938   
465 8938   
466 8938   
467 8938   
468 8938   
469 8938   
470 8938   
471 8938   
472 8938   
473 8938   
474 8938   
475 8938   
476 8938   
477 8938   
478 8938   
479 8938   
480 8938   
481 8938   
482 8938   
483 8938   
484 8938   
485 8938   
486 8938   
487 8938   
488 8938   
489 8938   
490 8938   
491 8938   
492 8938   
493 8938   
494 8938   
495 8938   
496 8938   
497 8938   
498 8938   
499 8938   
500 8938   
501 8938   
502 8938   
503 8938   
504 8938   
505 8938   
506 8938   
507 8938   
508 8938   
509 11141   
510 11141   
511 11141   
512 11141   
513 11141   
514 11141   
515 11141   
516 11141   
517 11141   
518 11141   
519 11141   
520 11141   
521 11141   
522 11141   
523 11141   
524 11141   
525 11141   
526 11141   
527 11141   
528 11141   
529 11141   
530 11141   
531 11141   
532 11141   
533 11141   
534 11141   
535 11141   
536 11141   
537 11141   
538 11141   
539 11141   
540 11141   
541 11141   
542 11141   
543 11141   
544 11141   
545 11141   
546 11141   
547 11141   
548 11141   
549 11141   
550 11141   
551 11141   
552 11141   
553 11141   
554 11141   
555 11141   
556 11141   
557 11141   
558 11141   
559 11141   
560 11141   
561 11141   
562 11141   
563 11141   
564 11141   
565 11141   
566 11141   
567 11141   
568 11141   
569 11141   
570 11141   
571 11141   
572 11141   
573 11141   
574 11141   
575 11141   
576 11141   
577 11141   
578 11141   
579 11141   
580 11141   
581 11141   
582 11141   
583 11141   
584 11141   
585 11141   
586 11141   
587 11141   
588 11141   
589 11141   
590 11141   
591 11141   
592 11141   
593 11141   
594 11141   
595 11141   
596 11141   
597 11141   
598 11141   
599 11141   
600 11141   
601 11141   
602 11141   
603 11141   
604 11141   
605 11141   
606 11141   
607 11141   
608 11141   
609 11141   
610 11141   
611 11141   
612 11141   
613 11141   
614 11141   
615 11141   
616 11141   
617 11141   
618 11141   
619 11141   
620 11141   
621 11141   
622 11141   
623 11141   
624 11141   
625 11141   
626 11141   
627 11141   
628 11141   
629 11141   
630 11141   
631 11141   
632 11141   
633 11141   
634 11141   
635 11141   
636 13344   
637 13344   
638 13344   
639 13344   
640 13344   
641 13344   
642 13344   
643 13344   
644 13344   
645 13344   
646 13344   
647 13344   
648 13344   
649 13344   
650 13344   
651 13344   
652 13344   
653 13344   
654 13344   
655 13344   
656 13344   
657 13344   
658 13344   
659 13344   
660 13344   
661 13344   
662 13344   
663 13344   
664 13344   
665 13344   
666 13344   
667 13344   
668 13344   
669 13344   
670 13344   
671 13344   
672 13344   
673 13344   
674 13344   
675 13344   
676 13344   
677 13344   
678 13344   
679 13344   
680 13344   
681 13344   
682 13344   
683 13344   
684 13344   
685 13344   
686 13344   
687 13344   
688 13344   
689 13344   
690 13344   
691 13344   
692 13344   
693 13344   
694 13344   
695 13344   
696 13344   
697 13344   
698 13344   
699 13344   
700 13344   
701 13344   
702 13344   
703 13344   
704 13344   
705 13344   
706 13344   
707 13344   
708 13344   
709 13344   
710 13344   
711 13344   
712 13344   
713 13344   
714 13344   
715 13344   
716 13344   
717 13344   
718 13344   
719 13344   
720 13344   
721 13344   
722 13344   
723 13344   
724 13344   
725 13344   
726 13344   
727 13344   
728 13344   
729 13344   
730 13344   
731 13344   
732 13344   
733 13344   
734 13344   
735 13344   
736 13344   
737 13344   
738 13344   
739 13344   
740 13344   
741 13344   
742 13344   
743 13344   
744 13344   
745 13344   
746 13344   
747 13344   
748 13344   
749 13344   
750 13344   
751 13344   
752 13344   
753 13344   
754 13344   
755 13344   
756 13344   
757 13344   
758 13344   
759 13344   
760 13344   
761 13344   
762 13344   
763 15547   
764 15547   
765 15547   
766 15547   
767 15547   
768 15547   
769 15547   
770 15547   
771 15547   
772 15547   
773 15547   
774 15547   
775 15547   
776 15547   
777 15547   
778 15547   
779 15547   
780 15547   
781 15547   
782 15547   
783 15547   
784 15547   
785 15547   
786 15547   
787 15547   
788 15547   
789 15547   
790 15547   
791 15547   
792 15547   
793 15547   
794 15547   
795 15547   
796 15547   
797 15547   
798 15547   
799 15547   
800 15547   
801 15547   
802 15547   
803 15547   
804 15547   
805 15547   
806 15547   
807 15547   
808 15547   
809 15547   
810 15547   
811 15547   
812 15547   
813 15547   
814 15547   
815 15547   
816 15547   
817 15547   
818 15547   
819 15547   
820 15547   
821 15547   
822 15547   
823 15547   
824 15547   
825 15547   
826 15547   
827 15547   
828 15547   
829 15547   
830 15547   
831 15547   
832 15547   
833 15547   
834 15547   
835 15547   
836 15547   
837 15547   
838 15547   
839 15547   
840 15547   
841 15547   
842 15547   
843 15547   
844 15547   
845 15547   
846 15547   
847 15547   
848 15547   
849 15547   
850 15547   
851 15547   
852 15547   
853 15547   
854 15547   
855 15547   
856 15547   
857 15547   
858 15547   
859 15547   
860 15547   
861 15547   
862 15547   
863 15547   
864 15547   
865 15547   
866 15547   
867 15547   
868 15547   
869 15547   
870 15547   
871 15547   
872 15547   
873 15547   
874 15547   
875 15547   
876 15547   
877 15547   
878 15547   
879 15547   
880 15547   
881 15547   
882 15547   
883 15547   
884 15547   
885 15547   
886 15547   
887 15547   
888 15547   
889 15547   
890 17750   
891 17750   
892 17750   
893 17750   
894 17750   
895 17750   
896 17750   
897 17750   
898 17750   
899 17750   
900 17750   
901 17750   
902 17750   
903 17750   
904 17750   
905 17750   
906 17750   
907 17750   
908 17750   
909 17750   
910 17750   
911 17750   
912 17750   
913 17750   
914 17750   
915 17750   
916 17750   
917 17750   
918 17750   
919 17750   
920 17750   
921 17750   
922 17750   
923 17750   
924 17750   
925 17750   
926 17750   
927 17750   
928 17750   
929 17750   
930 17750   
931 17750   
932 17750   
933 17750   
934 17750   
935 17750   
936 17750   
937 17750   
938 17750   
939 17750   
940 17750   
941 17750   
942 17750   
943 17750   
944 17750   
945 17750   
946 17750   
947 17750   
948 17750   
949 17750   
950 17750   
951 17750   
952 17750   
953 17750   
954 17750   
955 17750   
956 17750   
957 17750   
958 17750   
959 17750   
960 17750   
961 17750   
962 17750   
963 17750   
964 17750   
965 17750   
966 17750   
967 17750   
968 17750   
969 17750   
970 17750   
971 17750   
972 17750   
973 17750   
974 17750   
975 17750   
976 17750   
977 17750   
978 17750   
979 17750   
980 17750   
981 17750   
982 17750   
983 17750   
984 17750   
985 17750   
986 17750   
987 17750   
988 17750   
989 17750   
990 17750   
991 17750   
992 17750   
993 17750   
994 17750   
995 17750   
996 17750   
997 17750   
998 17750   
999 17750   
1000 17750   
