1 2329   
2 2329   
3 2329   
4 2329   
5 2329   
6 2329   
7 2329   
8 2329   
9 2329   
10 2329   
11 2329   
12 2329   
13 2329   
14 2329   
15 2329   
16 2329   
17 2329   
18 2329   
19 2329   
20 2329   
21 2329   
22 2329   
23 2329   
24 2329   
25 2329   
26 2329   
27 2329   
28 2329   
29 2329   
30 2329   
31 2329   
32 2329   
33 2329   
34 2329   
35 2329   
36 2329   
37 2329   
38 2329   
39 2329   
40 2329   
41 2329   
42 2329   
43 2329   
44 2329   
45 2329   
46 2329   
47 2329   
48 2329   
49 2329   
50 2329   
51 2329   
52 2329   
53 2329   
54 2329   
55 2329   
56 2329   
57 2329   
58 2329   
59 2329   
60 2329   
61 2329   
62 2329   
63 2329   
64 4596   
65 4596   
66 4596   
67 4596   
68 4596   
69 4596   
70 4596   
71 4596   
72 4596   
73 4596   
74 4596   
75 4596   
76 4596   
77 4596   
78 4596   
79 4596   
80 4596   
81 4596   
82 4596   
83 4596   
84 4596   
85 4596   
86 4596   
87 4596   
88 4596   
89 4596   
90 4596   
91 4596   
92 4596   
93 4596   
94 4596   
95 4596   
96 4596   
97 4596   
98 4596   
99 4596   
100 4596   
101 4596   
102 4596   
103 4596   
104 4596   
105 4596   
106 4596   
107 4596   
108 4596   
109 4596   
110 4596   
111 4596   
112 4596   
113 4596   
114 4596   
115 4596   
116 4596   
117 4596   
118 4596   
119 4596   
120 4596   
121 4596   
122 4596   
123 4596   
124 4596   
125 4596   
126 4596   
127 6863   
128 6863   
129 6863   
130 6863   
131 6863   
132 6863   
133 6863   
134 6863   
135 6863   
136 6863   
137 6863   
138 6863   
139 6863   
140 6863   
141 6863   
142 6863   
143 6863   
144 6863   
145 6863   
146 6863   
147 6863   
148 6863   
149 6863   
150 6863   
151 6863   
152 6863   
153 6863   
154 6863   
155 6863   
156 6863   
157 6863   
158 6863   
159 6863   
160 6863   
161 6863   
162 6863   
163 6863   
164 6863   
165 6863   
166 6863   
167 6863   
168 6863   
169 6863   
170 6863   
171 6863   
172 6863   
173 6863   
174 6863   
175 6863   
176 6863   
177 6863   
178 6863   
179 6863   
180 6863   
181 6863   
182 6863   
183 6863   
184 6863   
185 6863   
186 6863   
187 6863   
188 6863   
189 6863   
190 9130   
191 9130   
192 9130   
193 9130   
194 9130   
195 9130   
196 9130   
197 9130   
198 9130   
199 9130   
200 9130   
201 9130   
202 9130   
203 9130   
204 9130   
205 9130   
206 9130   
207 9130   
208 9130   
209 9130   
210 9130   
211 9130   
212 9130   
213 9130   
214 9130   
215 9130   
216 9130   
217 9130   
218 9130   
219 9130   
220 9130   
221 9130   
222 9130   
223 9130   
224 9130   
225 9130   
226 9130   
227 9130   
228 9130   
229 9130   
230 9130   
231 9130   
232 9130   
233 9130   
234 9130   
235 9130   
236 9130   
237 9130   
238 9130   
239 9130   
240 9130   
241 9130   
242 9130   
243 9130   
244 9130   
245 9130   
246 9130   
247 9130   
248 9130   
249 9130   
250 9130   
251 9130   
252 9130   
253 11397   
254 11397   
255 11397   
256 11397   
257 11397   
258 11397   
259 11397   
260 11397   
261 11397   
262 11397   
263 11397   
264 11397   
265 11397   
266 11397   
267 11397   
268 11397   
269 11397   
270 11397   
271 11397   
272 11397   
273 11397   
274 11397   
275 11397   
276 11397   
277 11397   
278 11397   
279 11397   
280 11397   
281 11397   
282 11397   
283 11397   
284 11397   
285 11397   
286 11397   
287 11397   
288 11397   
289 11397   
290 11397   
291 11397   
292 11397   
293 11397   
294 11397   
295 11397   
296 11397   
297 11397   
298 11397   
299 11397   
300 11397   
301 11397   
302 11397   
303 11397   
304 11397   
305 11397   
306 11397   
307 11397   
308 11397   
309 11397   
310 11397   
311 11397   
312 11397   
313 11397   
314 11397   
315 11397   
316 13664   
317 13664   
318 13664   
319 13664   
320 13664   
321 13664   
322 13664   
323 13664   
324 13664   
325 13664   
326 13664   
327 13664   
328 13664   
329 13664   
330 13664   
331 13664   
332 13664   
333 13664   
334 13664   
335 13664   
336 13664   
337 13664   
338 13664   
339 13664   
340 13664   
341 13664   
342 13664   
343 13664   
344 13664   
345 13664   
346 13664   
347 13664   
348 13664   
349 13664   
350 13664   
351 13664   
352 13664   
353 13664   
354 13664   
355 13664   
356 13664   
357 13664   
358 13664   
359 13664   
360 13664   
361 13664   
362 13664   
363 13664   
364 13664   
365 13664   
366 13664   
367 13664   
368 13664   
369 13664   
370 13664   
371 13664   
372 13664   
373 13664   
374 13664   
375 13664   
376 13664   
377 13664   
378 13664   
379 15931   
380 15931   
381 15931   
382 15931   
383 15931   
384 15931   
385 15931   
386 15931   
387 15931   
388 15931   
389 15931   
390 15931   
391 15931   
392 15931   
393 15931   
394 15931   
395 15931   
396 15931   
397 15931   
398 15931   
399 15931   
400 15931   
401 15931   
402 15931   
403 15931   
404 15931   
405 15931   
406 15931   
407 15931   
408 15931   
409 15931   
410 15931   
411 15931   
412 15931   
413 15931   
414 15931   
415 15931   
416 15931   
417 15931   
418 15931   
419 15931   
420 15931   
421 15931   
422 15931   
423 15931   
424 15931   
425 15931   
426 15931   
427 15931   
428 15931   
429 15931   
430 15931   
431 15931   
432 15931   
433 15931   
434 15931   
435 15931   
436 15931   
437 15931   
438 15931   
439 15931   
440 15931   
441 15931   
442 18198   
443 18198   
444 18198   
445 18198   
446 18198   
447 18198   
448 18198   
449 18198   
450 18198   
451 18198   
452 18198   
453 18198   
454 18198   
455 18198   
456 18198   
457 18198   
458 18198   
459 18198   
460 18198   
461 18198   
462 18198   
463 18198   
464 18198   
465 18198   
466 18198   
467 18198   
468 18198   
469 18198   
470 18198   
471 18198   
472 18198   
473 18198   
474 18198   
475 18198   
476 18198   
477 18198   
478 18198   
479 18198   
480 18198   
481 18198   
482 18198   
483 18198   
484 18198   
485 18198   
486 18198   
487 18198   
488 18198   
489 18198   
490 18198   
491 18198   
492 18198   
493 18198   
494 18198   
495 18198   
496 18198   
497 18198   
498 18198   
499 18198   
500 18198   
